1	1	3903668
1	2	3352398
1	3	3751692
1	4	2921598
1	5	3174600
1	6	3256570
1	7	2482718
1	8	3253946
1	9	2390076
1	10	2288211
1	11	2855805
1	12	1932504
1	13	2306556
1	14	1978502
1	15	2129385
1	16	1782211
1	17	1624435
1	18	1669420
1	19	1271263
1	20	938348
2	1	3352398
2	2	2948750
2	3	3348756
2	4	2635739
2	5	2892691
2	6	2989774
2	7	2292380
2	8	3028202
2	9	2236684
2	10	2152671
2	11	2703060
2	12	1837204
2	13	2204502
2	14	1900966
2	15	2059548
2	16	1729757
2	17	1591000
2	18	1639869
2	19	1260345
2	20	932623
3	1	3751692
3	2	3348756
3	3	3837178
3	4	3042088
3	5	3360223
3	6	3488641
3	7	2684901
3	8	3566235
3	9	2643890
3	10	2552011
3	11	3220234
3	12	2200413
3	13	2650201
3	14	2295001
3	15	2492306
3	16	2105266
3	17	1942222
3	18	2015828
3	19	1559973
3	20	1165425
4	1	2921598
4	2	2635739
4	3	3042088
4	4	2426924
4	5	2697170
4	6	2819276
4	7	2180269
4	8	2899594
4	9	2155460
4	10	2086079
4	11	2638482
4	12	1807633
4	13	2186708
4	14	1899143
4	15	2075043
4	16	1759770
4	17	1635582
4	18	1709073
4	19	1334570
4	20	1010525
5	1	3174600
5	2	2892691
5	3	3360223
5	4	2697170
5	5	3012492
5	6	3175372
5	7	2474266
5	8	3305074
5	9	2459473
5	10	2375907
5	11	3014660
5	12	2067882
5	13	2505466
5	14	2185739
5	15	2399589
5	16	2040371
5	17	1905637
5	18	1998360
5	19	1568490
5	20	1195324
6	1	3256570
6	2	2989774
6	3	3488641
6	4	2819276
6	5	3175372
6	6	3365010
6	7	2637195
6	8	3541987
6	9	2628374
6	10	2540219
6	11	3224203
6	12	2215092
6	13	2686738
6	14	2356345
6	15	2588653
6	16	2209064
6	17	2070856
6	18	2185616
6	19	1732808
6	20	1335639
7	1	2482718
7	2	2292380
7	3	2684901
7	4	2180269
7	5	2474266
7	6	2637195
7	7	2074014
7	8	2800604
7	9	2079110
7	10	2007686
7	11	2550779
7	12	1753569
7	13	2131822
7	14	1874482
7	15	2064415
7	16	1768777
7	17	1666277
7	18	1764654
7	19	1404517
7	20	1087194
8	1	3253946
8	2	3028202
8	3	3566235
8	4	2899594
8	5	3305074
8	6	3541987
8	7	2800604
8	8	3778598
8	9	2815690
8	10	2723283
8	11	3476248
8	12	2394097
8	13	2922298
8	14	2585214
8	15	2858566
8	16	2459745
8	17	2333537
8	18	2492008
8	19	2009767
8	20	1589158
9	1	2390076
9	2	2236684
9	3	2643890
9	4	2155460
9	5	2459473
9	6	2628374
9	7	2079110
9	8	2815690
9	9	2106292
9	10	2051228
9	11	2634735
9	12	1824269
9	13	2235801
9	14	1979712
9	15	2200882
9	16	1894336
9	17	1805265
9	18	1931147
9	19	1566253
9	20	1242622
10	1	2288211
10	2	2152671
10	3	2552011
10	4	2086079
10	5	2375907
10	6	2540219
10	7	2007686
10	8	2723283
10	9	2051228
10	10	2006398
10	11	2591908
10	12	1805252
10	13	2220698
10	14	1978578
10	15	2205033
10	16	1910035
10	17	1830806
10	18	1974033
10	19	1618793
10	20	1300880
11	1	2855805
11	2	2703060
11	3	3220234
11	4	2638482
11	5	3014660
11	6	3224203
11	7	2550779
11	8	3476248
11	9	2634735
11	10	2591908
11	11	3369806
11	12	2357083
11	13	2916968
11	14	2606638
11	15	2921063
11	16	2541842
11	17	2447585
11	18	2661067
11	19	2199390
11	20	1780461
12	1	1932504
12	2	1837204
12	3	2200413
12	4	1807633
12	5	2067882
12	6	2215092
12	7	1753569
12	8	2394097
12	9	1824269
12	10	1805252
12	11	2357083
12	12	1652508
12	13	2056242
12	14	1849550
12	15	2081509
12	16	1816756
12	17	1763317
12	18	1929207
12	19	1610089
12	20	1318860
13	1	2306556
13	2	2204502
13	3	2650201
13	4	2186708
13	5	2505466
13	6	2686738
13	7	2131822
13	8	2922298
13	9	2235801
13	10	2220698
13	11	2916968
13	12	2056242
13	13	2565330
13	14	2323958
13	15	2629939
13	16	2307382
13	17	2255819
13	18	2487564
13	19	2111389
13	20	1758243
14	1	1978502
14	2	1900966
14	3	2295001
14	4	1899143
14	5	2185739
14	6	2356345
14	7	1874482
14	8	2585214
14	9	1979712
14	10	1978578
14	11	2606638
14	12	1849550
14	13	2323958
14	14	2112906
14	15	2408620
14	16	2130222
14	17	2099374
14	18	2349517
14	19	2025092
14	20	1738000
15	1	2129385
15	2	2059548
15	3	2492306
15	4	2075043
15	5	2399589
15	6	2588653
15	7	2064415
15	8	2858566
15	9	2200882
15	10	2205033
15	11	2921063
15	12	2081509
15	13	2629939
15	14	2408620
15	15	2769116
15	16	2459016
15	17	2450445
15	18	2773405
15	19	2436445
15	20	2143934
16	1	1782211
16	2	1729757
16	3	2105266
16	4	1759770
16	5	2040371
16	6	2209064
16	7	1768777
16	8	2459745
16	9	1894336
16	10	1910035
16	11	2541842
16	12	1816756
16	13	2307382
16	14	2130222
16	15	2459016
16	16	2193932
16	17	2210068
16	18	2527857
16	19	2249336
16	20	2011794
17	1	1624435
17	2	1591000
17	3	1942222
17	4	1635582
17	5	1905637
17	6	2070856
17	7	1666277
17	8	2333537
17	9	1805265
17	10	1830806
17	11	2447585
17	12	1763317
17	13	2255819
17	14	2099374
17	15	2450445
17	16	2210068
17	17	2265734
17	18	2634246
17	19	2414191
17	20	2269594
18	1	1669420
18	2	1639869
18	3	2015828
18	4	1709073
18	5	1998360
18	6	2185616
18	7	1764654
18	8	2492008
18	9	1931147
18	10	1974033
18	11	2661067
18	12	1929207
18	13	2487564
18	14	2349517
18	15	2773405
18	16	2527857
18	17	2634246
18	18	3136026
18	19	2978843
18	20	2964284
19	1	1271263
19	2	1260345
19	3	1559973
19	4	1334570
19	5	1568490
19	6	1732808
19	7	1404517
19	8	2009767
19	9	1566253
19	10	1618793
19	11	2199390
19	12	1610089
19	13	2111389
19	14	2025092
19	15	2436445
19	16	2249336
19	17	2414191
19	18	2978843
19	19	2982408
19	20	3264623
20	1	938348
20	2	932623
20	3	1165425
20	4	1010525
20	5	1195324
20	6	1335639
20	7	1087194
20	8	1589158
20	9	1242622
20	10	1300880
20	11	1780461
20	12	1318860
20	13	1758243
20	14	1738000
20	15	2143934
20	16	2011794
20	17	2269594
20	18	2964284
20	19	3264623
20	20	4513308
